0.0955
0.1007
0.1039
0.1089
0.1084
0.1143
0.1251
0.1244
0.1223
0.1268
0.1320
0.1335
0.1425
0.1503
0.1600
0.1667
0.1799
0.1910
0.1982
0.2161
0.2289
0.2448
0.2647
0.2794
0.2993
0.3207
0.3381
0.3532
0.3784
0.3873
0.4003
0.4180
0.4261
0.4383
0.4522
0.4643
0.4728
0.4781
0.4963
0.5033
0.5166
0.5220
0.5305
0.5408
0.5495
0.5610
0.5650
0.5761
0.5909
0.5971
0.5982
0.6065
0.6110
0.6181
0.6163
0.6165
0.6255
0.6293
0.6342
0.6351
0.6371
0.6391
0.6418
0.6471
0.6487
0.6516
0.6542
0.6603
0.6588
0.6635
0.6660
0.6659